í-10.67
-10.55
-10.67
-10.67
-10.79
-10.91
-10.91
-10.91
-10.91
-10.91
-10.67
-10.79
-10.67
-10.91
-10.67
-10.91
-10.67
-10.91
-10.91
-10.79
-10.91
-10.79
-11.04
-10.67
-10.91
-10.91
-10.91
-11.04
-10.79
-11.16
-10.79
-11.04
-10.91
-10.91
-10.91
-10.91
-11.04
-10.79
-11.16
-10.91
-11.04
-11.04
-10.91
-11.16
-10.91
-11.16
-10.91
-11.16
-11.04
-11.16
-11.16
-11.04
-11.40
-11.04
-11.28
-10.91
-11.16
-11.04
-11.16
-11.28
-11.04
-11.28
-11.04
-11.28
-11.04
-11.16
-11.28
-11.04
-11.40
-11.04
-11.40
-11.16
-11.28
-11.28
-11.28
-11.28
-11.16
-11.40
-11.16
-11.40
-11.28
-11.16
-11.40
-11.16
-11.28
-11.16
-11.40
-11.16
-11.40
-11.28
-11.28
-11.40
-11.28
-11.52
-11.16
-11.52
-11.28
-11.40
-11.40
-11.28
-11.52
-11.16
-11.40
-11.28
-11.40
-11.40
-11.28
-11.52
-11.16
-11.52
-11.28
-11.40
-11.40
-11.40
-11.52
-11.28
-11.40
-11.28
-11.52
-11.16
-11.40
-11.52
-11.28
-11.65
-11.28
-11.52
-11.28
-11.52
-11.40
-11.40
-11.40
-11.28
-11.65
-11.28
-11.52
-11.28
-11.40
-11.40
-11.40
-11.65
-11.28
-11.52
-11.40
-11.52
-11.65
-11.40
-11.65
-11.40
-11.65
-11.40
-11.65
-11.40
-11.52
-11.52
-11.40
-11.52
-11.28
-11.65
-11.40
-11.52
-11.52
-11.40
-11.65
-11.40
-11.65
-11.40
-11.52
-11.40
-11.52
-11.65
-11.40
-11.52
-11.40
-11.52
-11.40
-11.52
-11.52
-11.52
-11.65
-11.40
-11.65
-11.40
-11.52
-11.40
-11.52
-11.65
-11.40
-11.65
-11.40
-11.65
-11.40
-11.52
-11.65
-11.52
-11.65
-11.28
-11.77
-11.40
-11.52
-11.40
-11.52
-11.65
-11.40
-11.65
-11.40
-11.52
-11.40
-11.52
-11.52
-11.40
-11.65
-11.40
-11.65
-11.40
-11.52
-11.40
-11.52
-11.65
-11.40
-11.65
-11.40
-11.52
-11.40
-11.40
-11.65
-11.40
-11.77
-11.28
-11.65
-11.40
-11.52
-11.65
-11.52
-11.65
-11.40
-11.65
-11.40
-11.65
-11.52
-11.52
-11.65
-11.28
-11.65
-11.28
-11.65
-11.52
-11.52
-11.52
-11.40
-11.65
-11.40
-11.65
-11.40
-11.65
-11.52
-11.40
-11.65
-11.40
-11.65
-11.40
-11.65
-11.40
-11.52
-11.52
-11.40
-11.65
-11.40
-11.65
-11.40
-11.52
-11.52
-11.52
-11.65
-11.40
-11.77
-11.40
-11.65
-11.40
-11.52
-11.65
-11.40
-11.65
-11.40
-11.65
-11.40
-11.52
-11.52
-11.52
-11.65
-11.40
-11.77
-11.40
-11.52
-11.52
-11.52
-11.65
-11.40
-11.65
-11.40
-11.65
-11.40
-11.65
-11.65
-11.52
-11.77
-11.40
-11.65
-11.40
-11.52
-11.65
-11.40
-11.65
-11.28
-11.65
-11.40
-11.65
-11.40
-11.52
-11.65
-11.40
-11.65
-11.40
-11.65
-11.40
-11.65
-11.40
-11.52
-11.52
-11.40
-11.77
-11.40
-11.65
-11.40
-11.40
-11.65
-11.40
-11.65
-11.40
-11.65
-11.40
-11.52
-11.52
-11.40
-11.52
-11.40
-11.65
-11.40
-11.65
-11.40
-11.52
-11.65
-11.40
-11.65
-11.40
-11.65
-11.28
-11.52
-11.65
-11.40
-11.65
-11.40
-11.52
-11.40
-11.52
-11.52
-11.52
-11.65
-11.28
-11.77
-11.40
-11.65
-11.40
-11.52
-11.52
-11.40
-11.52
-11.40
-11.65
-11.40
-11.52
-11.65
-11.40
-11.77
-11.40
-11.65
-11.40
-11.65
-11.40
-11.52
-11.52
-11.40
-11.65
-11.40
-11.65
-11.40
-11.52
-11.40
-11.40
-11.65
-11.40
-11.65
-11.28
-11.65
-11.65
-11.52
-11.52
-11.28
-11.65
-11.28
-11.65
-11.40
-11.52
-11.52
-11.28
-11.65
-11.28
-11.65
-11.40
-11.52
-11.40
-11.40
-11.52
-11.28
-11.65
-11.40
-11.65
-11.40
-11.52
-11.52
-11.40
-11.65
-11.40
-11.65
-11.40
-11.52
-11.40
-11.40
-11.65
-11.40
-11.52
-11.28
-11.52
-11.40
-11.52
-11.52
-11.40
-11.52
-11.16
-11.52
-11.28
-11.52
-11.52
