0.07
0.20
0.20
0.20
0.07
0.20
0.20
0.20
0.20
0.20
0.20
0.20
0.20
0.20
0.20
0.20
0.07
0.20
0.20
0.20
0.20
0.20
0.20
0.20
0.20
0.20
0.20
0.20
0.20
0.20
0.20
0.20
0.20
0.20
0.20
0.20
0.20
0.20
0.20
0.20
0.20
0.20
0.20
0.20
0.20
0.20
0.20
0.32
0.20
0.20
0.20
0.20
0.20
0.20
0.20
0.20
0.20
0.20
0.20
0.20
0.20
0.20
0.20
0.20
0.20
0.20
0.20
0.20
0.07
0.20
0.20
0.20
0.20
0.20
0.20
0.20
0.20
0.32
0.20
0.20
0.20
0.20
0.20
0.20
0.07
0.32
0.20
0.20
0.20
0.20
0.32
0.20
0.32
0.20
0.20
0.20
0.20
0.20
0.20
0.20
0.20
0.20
0.20
0.07
0.20
0.07
0.20
0.20
0.20
0.32
0.20
0.20
0.20
0.20
0.20
0.20
0.20
0.20
0.32
0.20
0.20
0.20
0.20
0.20
0.20
0.20
0.20
0.20
0.20
0.20
0.20
0.07
0.20
0.20
0.20
0.20
0.07
0.20
0.20
0.20
0.32
0.20
0.07
0.20
0.20
0.20
0.32
0.20
0.20
0.20
0.20
0.20
0.07
0.20
0.20
0.20
0.20
0.32
0.20
0.20
0.20
0.20
0.20
0.20
0.20
0.20
0.20
0.32
0.07
0.20
0.20
0.20
0.20
0.32
0.20
0.07
0.07
0.20
0.20
0.32
0.20
0.20
0.20
0.20
0.20
0.20
0.20
0.20
0.20
0.20
0.20
0.20
0.07
0.20
0.20
0.20
0.20
0.20
0.20
0.20
0.20
0.20
0.20
0.20
0.20
0.20
0.20
0.20
0.07
0.20
0.20
0.20
0.20
0.07
0.20
0.20
0.20
0.20
0.07
0.20
0.20
0.20
0.20
0.20
0.20
0.20
0.20
0.20
0.20
0.07
0.56
1.29
0.68
0.68
1.54
1.66
1.54
1.17
2.76
1.66
1.54
1.29
2.76
2.15
1.66
3.00
2.51
2.27
2.03
3.61
2.27
2.03
2.27
3.37
3.12
2.51
3.98
2.88
3.00
2.76
4.47
3.49
2.76
3.86
4.10
3.74
3.25
4.59
3.37
3.49
3.37
4.96
4.35
3.49
3.49
4.47
4.35
3.98
5.44
4.22
3.98
3.98
5.69
4.96
4.22
4.22
5.08
4.96
4.47
6.05
4.83
4.47
4.71
6.18
5.57
4.83
4.83
5.44
5.57
5.20
6.79
5.44
5.44
5.32
6.79
6.18
5.20
5.20
6.05
6.18
5.81
7.28
5.81
6.05
5.93
7.52
6.67
5.57
5.81
6.79
6.91
6.30
7.64
6.18
6.67
6.67
8.25
6.79
6.18
6.30
7.89
7.52
6.67
8.25
7.40
7.40
7.15
8.86
6.91
6.79
6.79
8.86
7.89
7.15
7.76
8.25
8.01
7.64
8.86
7.15
7.64
7.52
9.59
8.25
7.52
7.64
9.23
8.62
8.01
7.89
8.13
8.37
8.37
9.59
8.37
7.76
8.25
10.08
8.98
8.25
8.86
8.50
8.62
8.74
10.21
9.35
8.13
8.25
9.72
9.59
8.86
9.72
8.50
9.59
9.23
10.69
9.35
8.86
8.62
10.08
9.96
9.59
10.82
9.47
8.98
9.11
10.82
10.21
9.72
11.43
10.08
9.59
10.33
9.35
9.84
9.84
11.55
10.69
10.08
11.55
10.45
9.96
9.59
10.94
10.33
10.33
11.67
10.94
10.45
12.16
11.18
10.69
12.40
11.55
10.57
12.28
11.18
10.45
11.67
11.06
10.21
10.33
10.33
10.69
10.57
11.18
11.43
11.06
12.16
12.04
11.43
12.77
12.28
11.79
13.26
12.28
11.67
12.89
12.04
11.43
11.18
11.06
11.18
11.43
11.79
11.43
11.79
12.89
12.28
12.28
13.50
12.77
12.52
14.23
13.26
12.40
14.11
13.13
12.28
13.50
12.89
12.04
12.04
12.04
12.52
12.28
12.89
13.13
12.65
14.11
13.75
13.01
14.72
13.99
13.38
15.09
13.75
13.26
14.72
12.77
13.01
12.89
13.26
13.01
13.26
14.48
13.75
13.75
15.09
14.36
14.11
15.94
14.97
13.99
15.70
14.72
13.62
13.75
13.99
13.75
13.62
13.87
14.36
14.11
15.09
15.09
14.72
15.94
15.70
14.97
16.67
15.45
14.97
15.70
14.60
14.23
14.48
14.84
14.60
14.48
15.94
15.45
15.09
17.04
16.06
15.70
17.29
16.43
15.45
16.92
16.06
15.09
15.21
14.97
15.33
15.21
16.19
16.31
15.94
17.16
17.16
16.31
18.14
17.04
16.31
18.14
15.94
15.94
15.94
16.06
15.94
15.94
17.41
17.04
16.55
18.63
17.53
17.04
18.63
17.65
16.67
16.43
16.92
16.67
16.43
16.67
16.92
16.92
17.90
18.14
17.41
19.36
18.38
17.77
19.48
17.90
17.41
17.29
17.04
17.04
17.04
18.38
18.02
17.65
19.97
18.99
18.38
20.09
19.12
18.38
17.90
18.02
17.90
17.65
18.14
17.90
18.14
19.36
18.99
18.87
20.70
19.73
18.99
20.83
18.38
18.51
18.38
18.26
18.63
18.38
19.85
19.60
19.12
21.19
20.46
19.73
20.34
19.97
19.48
18.87
18.75
18.87
19.24
20.34
19.85
19.85
21.80
20.70
20.34
22.05
20.83
19.85
19.73
19.48
19.73
19.60
20.58
20.70
20.21
21.80
21.56
20.83
22.29
21.07
20.58
20.09
19.85
19.97
20.21
21.31
20.95
20.70
22.90
22.05
21.31
22.78
21.80
20.70
20.70
20.34
20.83
20.70
21.68
21.92
21.56
23.27
22.53
21.92
23.63
21.44
21.56
21.31
21.56
21.31
21.19
23.27
22.53
22.17
24.12
23.14
22.53
22.05
22.05
21.92
21.56
22.29
22.17
22.17
23.75
23.63
23.02
24.61
23.27
22.66
22.53
22.05
22.66
22.17
23.63
23.27
22.90
24.98
24.12
23.63
23.27
23.63
23.14
22.53
22.90
22.66
23.02
24.37
23.88
23.88
25.46
24.61
23.88
23.63
23.63
23.02
23.14
23.88
24.24
23.88
25.46
25.22
24.49
25.95
24.37
24.12
23.75
24.00
23.63
24.00
25.46
24.85
24.85
26.56
25.59
24.61
24.49
24.24
24.00
24.12
24.98
25.22
24.85
26.68
25.95
25.34
27.05
24.73
24.85
24.73
25.22
24.73
24.73
27.05
25.95
25.46
27.66
26.32
25.71
25.22
24.61
24.85
25.10
26.07
25.71
25.95
27.42
26.93
26.07
26.20
25.95
25.34
25.46
26.32
26.07
25.83
27.91
27.29
26.68
26.56
26.93
26.32
25.95
26.20
25.95
26.32
27.91
27.29
27.17
28.88
27.66
26.81
26.56
25.95
26.20
26.20
27.17
27.66
27.17
28.88
28.03
27.54
27.66
26.32
26.68
26.56
27.66
27.42
27.17
29.13
28.64
27.91
27.66
27.91
27.05
27.05
27.42
27.78
27.54
29.25
28.88
28.39
30.10
28.03
27.91
27.78
28.03
27.54
27.54
29.74
29.13
28.39
29.98
29.13
28.52
28.03
27.66
27.66
28.03
29.13
28.76
28.88
30.47
29.61
28.88
28.76
28.39
27.91
28.15
29.61
29.25
28.88
30.47
29.98
29.37
29.61
28.64
28.76
28.64
29.37
29.13
29.37
30.83
30.22
29.74
29.74
29.98
28.76
29.00
29.25
29.61
29.37
30.96
30.71
30.10
31.81
29.61
29.86
29.61
29.98
29.61
29.37
31.57
30.96
30.22
31.32
31.08
30.35
29.98
29.74
29.74
29.98
31.32
31.45
30.83
32.54
31.45
30.59
30.35
30.10
30.10
29.98
32.06
31.45
30.83
32.54
31.81
31.20
30.71
30.22
30.35
30.59
31.69
31.32
31.45
33.15
32.06
31.32
31.08
30.83
30.71
30.71
31.45
32.06
31.57
33.03
32.54
31.81
31.69
30.83
31.08
31.08
32.18
31.81
31.81
33.64
32.79
31.93
31.81
31.69
31.32
31.32
32.06
32.18
32.18
33.52
33.15
32.54
32.30
31.57
31.69
31.81
32.67
32.42
32.18
34.01
33.40
32.79
32.54
32.42
32.30
32.06
32.54
32.42
32.67
34.01
33.64
33.15
33.03
33.40
32.42
32.42
32.67
32.91
32.67
34.38
33.89
33.40
34.01
33.03
33.15
32.67
33.15
32.79
33.15
34.62
34.25
33.76
33.76
34.01
33.03
33.15
33.03
33.52
33.28
34.74
34.50
34.13
35.60
33.76
33.64
33.64
33.76
33.52
33.28
35.23
34.86
34.38
34.25
34.38
34.25
33.64
34.01
33.76
34.01
35.47
35.23
34.74
34.86
34.86
34.01
34.13
34.50
34.25
34.25
36.21
35.35
35.11
34.74
34.50
34.50
34.13
34.86
34.74
34.99
36.45
35.84
35.23
35.11
34.74
34.38
34.50
35.23
35.60
35.11
36.57
36.08
35.72
35.23
34.86
34.74
34.74
36.57
35.96
35.47
36.82
36.33
35.84
35.23
35.23
34.99
35.35
36.94
36.45
36.08
36.94
35.72
35.60
35.60
36.08
35.96
35.72
37.55
36.94
36.45
36.08
35.96
35.84
35.72
36.57
36.21
36.57
38.04
37.43
36.57
36.33
36.21
35.84
35.84
36.82
37.43
36.82
38.16
37.30
36.94
36.57
36.69
36.21
36.45
38.04
37.67
37.18
37.06
37.30
36.94
36.57
37.06
36.94
36.94
38.28
38.04
37.55
37.30
36.69
36.82
36.82
38.16
37.55
37.30
39.26
38.28
37.79
37.43
37.06
36.94
37.18
38.77
38.04
37.92
38.77
38.53
37.55
37.55
37.55
37.79
37.55
39.01
38.89
38.28
38.77
37.79
37.79
37.67
38.28
38.16
37.92
39.87
39.14
38.53
38.16
37.92
37.92
37.79
38.77
39.26
38.65
40.11
38.89
38.65
38.65
38.65
38.16
38.04
39.75
39.50
39.14
38.89
38.16
38.77
38.28
39.01
38.65
38.89
40.23
39.75
39.26
39.26
39.01
38.53
38.65
39.26
39.62
39.26
40.60
39.99
39.62
39.14
38.89
38.77
39.01
40.60
39.99
39.62
40.11
40.23
39.50
39.26
39.50
39.62
39.38
40.84
40.60
40.11
39.87
39.38
39.50
39.50
40.48
39.99
39.87
41.70
40.84
40.36
39.99
39.50
39.50
39.62
41.09
40.60
40.60
41.58
41.09
40.11
40.11
40.11
40.23
40.11
41.70
41.21
40.84
40.60
40.36
40.36
40.11
40.84
40.60
40.60
42.31
41.58
40.97
40.72
40.36
40.48
40.36
41.21
41.58
41.21
42.68
41.33
41.09
40.97
41.09
40.84
40.72
42.31
41.94
41.58
41.33
41.21
41.21
40.84
41.33
41.21
41.46
42.55
42.19
41.82
41.58
41.46
41.09
41.09
41.94
42.07
41.58
42.68
42.55
42.07
41.46
41.21
41.21
41.46
42.92
42.55
42.19
42.55
42.68
41.58
41.70
41.58
42.07
41.82
43.16
42.80
42.43
42.55
41.82
41.94
41.94
42.55
42.31
42.07
44.02
43.16
42.80
42.43
41.94
42.07
41.94
43.04
42.68
42.92
44.26
43.41
42.80
42.68
42.43
42.31
42.19
43.77
43.41
43.16
42.92
43.04
42.92
42.43
42.92
42.68
42.92
44.14
43.77
43.53
43.16
43.16
42.68
42.68
43.16
43.41
43.16
44.38
44.14
43.77
43.53
42.80
43.04
43.04
44.26
43.77
43.53
43.65
44.38
43.90
43.53
43.04
43.16
43.29
44.51
44.14
44.14
45.12
44.14
43.77
43.77
43.77
43.53
43.53
45.12
44.63
44.38
44.14
44.02
44.14
43.65
43.90
43.90
44.02
45.12
44.75
44.51
44.38
44.26
43.90
43.90
44.14
44.51
44.26
45.48
45.24
44.63
44.63
44.14
44.02
44.14
44.87
44.51
44.38
46.22
45.48
45.00
44.75
44.38
44.38
44.26
45.12
45.36
45.12
46.34
45.36
45.00
44.87
44.63
44.51
44.63
45.97
45.61
45.24
45.36
45.48
45.24
44.87
44.87
44.63
45.00
46.09
45.85
45.61
45.85
45.97
45.00
45.12
45.00
45.36
45.24
46.58
46.34
45.85
45.85
45.36
45.24
45.24
45.73
45.48
45.36
47.07
46.46
46.09
45.85
45.73
45.36
45.36
45.73
46.22
45.97
47.07
46.83
46.22
46.09
45.73
45.61
45.61
46.70
46.22
46.58
47.44
47.07
46.58
46.22
45.97
45.85
45.73
46.58
46.22
46.70
47.80
47.07
46.70
46.46
46.22
46.09
46.09
46.83
46.95
46.58
47.44
47.44
46.95
46.70
46.22
46.22
46.34
47.44
46.95
47.19
48.41
47.68
46.95
46.83
46.58
46.58
46.58
47.31
47.68
47.31
48.41
47.31
47.19
47.19
46.70
46.70
46.58
47.92
47.80
47.31
47.80
47.92
47.56
47.07
46.95
46.95
47.07
48.17
47.92
47.80
48.41
47.80
47.44
47.56
47.31
47.31
47.19
48.29
48.29
47.92
48.54
47.68
47.80
47.31
47.44
47.44
47.56
48.66
48.54
48.17
48.05
48.05
47.56
47.56
47.56
47.92
47.80
48.78
48.78
48.29
48.17
47.80
47.80
47.80
48.54
48.17
48.05
49.63
48.90
48.66
48.41
47.92
47.92
47.80
48.78
48.90
48.78
49.88
48.54
48.54
48.41
48.17
48.17
48.17
49.39
49.27
48.90
48.78
48.66
48.54
48.41
48.41
48.54
48.66
49.76
49.39
49.02
48.90
48.90
48.41
48.54
48.90
49.27
48.90
50.00
49.51
49.15
49.02
48.78
48.66
48.66
49.88
49.76
49.39
49.39
49.39
49.27
48.90
49.02
49.15
49.02
50.12
50.00
49.63
49.51
49.02
49.02
49.15
49.63
49.39
49.27
50.98
50.24
49.88
49.51
49.27
49.27
49.27
49.63
49.51
49.88
50.98
50.37
50.00
49.76
49.63
49.39
49.39
49.76
50.37
50.12
51.22
50.37
50.24
50.00
49.63
49.51
49.63
50.73
50.49
50.12
50.85
50.85
50.00
50.24
49.88
49.76
49.76
50.37
50.85
50.49
51.59
50.73
50.61
50.37
50.00
49.88
50.00
51.10
50.73
50.37
51.59
51.22
50.73
50.49
50.24
50.12
50.24
50.61
50.37
50.73
51.83
51.22
50.85
50.73
50.61
50.37
50.37
50.24
50.61
50.61
51.71
51.46
51.10
51.22
50.85
50.73
50.49
50.37
50.49
50.73
51.71
51.46
51.22
52.08
51.71
50.98
51.10
50.73
50.73
50.73
50.73
51.46
51.22
52.08
51.95
51.46
51.34
51.10
50.98
51.10
50.85
50.98
50.98
52.08
51.83
51.71
51.71
51.95
51.34
51.34
51.22
51.10
51.10
51.46
51.34
51.59
52.56
52.32
51.95
51.83
51.34
51.34
51.34
51.10
51.22
51.46
52.32
52.32
51.83
53.05
52.56
52.20
51.95
51.59
51.59
51.46
51.34
51.46
51.71
52.69
52.44
52.32
53.30
52.81
52.20
52.08
51.83
51.59
51.59
51.83
52.08
51.95
53.30
52.93
52.56
53.30
52.20
52.20
52.20
51.95
51.95
51.83
52.56
52.08
52.56
53.54
52.93
52.69
52.69
52.69
52.08
52.32
52.20
52.08
51.95
52.20
52.81
52.44
53.42
53.30
52.93
53.42
52.56
52.56
52.56
52.20
52.20
52.32
53.05
52.69
52.56
54.03
53.54
53.05
52.93
53.17
52.44
52.56
52.44
52.32
52.69
52.56
52.69
52.93
53.66
53.66
53.30
53.54
52.81
52.81
52.93
52.44
52.56
52.56
53.66
53.17
52.93
54.39
53.91
53.54
53.30
53.30
53.30
52.81
52.81
52.81
52.81
53.42
53.05
53.54
54.27
53.91
53.66
53.66
53.91
53.05
53.30
52.93
52.93
52.93
53.91
53.54
53.30
54.64
54.15
53.91
54.27
54.03
53.91
53.42
53.30
53.30
53.17
52.93
53.17
53.42
54.27
53.91
54.15
55.13
54.52
54.15
54.03
54.27
53.42
53.54
53.42
53.30
53.42
53.05
53.78
53.54
54.52
54.64
54.27
55.13
54.52
54.39
54.15
53.66
53.66
53.66
53.54
53.54
53.78
54.39
54.03
54.39
55.25
54.76
54.64
54.52
54.88
54.03
54.15
54.03
53.78
53.78
53.66
53.91
53.91
54.27
54.88
54.64
55.37
55.13
54.88
55.37
54.39
54.39
54.52
54.03
53.91
54.15
54.15
54.15
54.15
55.25
55.00
54.64
55.98
55.37
55.00
54.76
54.88
54.39
54.39
54.39
54.15
54.15
54.03
54.52
54.39
55.13
55.37
55.13
55.98
55.37
55.13
55.13
54.64
54.64
54.76
54.39
54.27
54.39
54.64
54.52
54.52
55.74
55.37
55.13
56.35
55.74
55.25
55.13
55.25
55.13
54.76
54.76
54.64
54.64
54.39
54.76
54.88
55.37
55.25
55.49
56.23
55.98
55.62
56.23
55.13
55.25
55.37
54.88
54.76
55.00
54.52
54.88
54.88
56.35
55.37
55.25
56.47
56.10
55.86
56.10
56.10
55.86
55.37
55.37
55.25
55.13
55.00
55.13
55.25
54.88
55.25
55.49
56.23
56.10
55.98
56.84
56.35
55.86
55.98
56.23
55.37
55.62
55.25
55.13
55.25
55.00
55.25
55.37
56.35
55.98
55.74
56.96
56.47
56.10
56.47
56.47
56.23
55.86
55.86
55.86
55.37
55.49
55.37
55.37
55.13
55.37
55.74
56.23
55.86
56.23
56.96
56.59
56.47
57.20
56.71
56.10
56.23
55.98
55.74
55.86
55.49
55.62
55.62
55.74
55.98
55.98
56.84
56.59
56.47
57.32
56.96
56.71
56.35
56.35
56.35
55.98
55.86
55.86
55.86
55.74
55.86
55.98
56.47
55.98
56.71
57.45
56.96
56.84
57.57
57.20
56.47
56.47
56.59
55.98
56.23
56.10
55.98
56.10
56.10
56.23
56.23
57.08
56.96
56.71
57.93
57.45
56.84
57.69
56.96
56.96
56.47
56.35
56.35
56.23
56.23
56.23
56.35
56.35
56.23
56.96
57.45
57.20
57.08
58.06
57.57
57.08
56.96
57.20
56.47
56.59
56.47
56.47
56.35
56.35
56.35
56.47
56.84
57.45
57.08
57.81
57.81
57.45
57.93
57.32
57.32
56.84
56.71
56.71
56.47
56.59
56.59
56.71
56.96
56.71
57.32
57.93
57.69
57.57
58.54
57.93
57.45
57.45
57.45
56.84
57.08
56.96
56.84
56.71
56.84
56.96
56.96
57.32
57.93
57.57
58.42
58.06
57.81
58.30
57.32
57.32
57.45
56.96
56.96
56.96
56.84
56.96
57.32
58.06
57.93
57.93
58.79
58.30
57.93
57.81
58.06
57.32
57.45
57.32
57.08
57.08
57.20
57.20
57.32
57.57
58.18
57.81
58.79
58.30
58.06
57.81
57.69
57.69
57.57
57.57
57.69
57.69
57.69
57.69
57.69
57.69
57.69
57.81
57.81
57.69
57.69
57.69
57.81
57.69
57.69
57.69
57.69
57.69
57.69
57.81
57.69
57.69
57.57
57.69
57.69
57.57
57.69
57.57
57.69
57.69
57.69
57.69
57.57
57.57
57.69
57.69
57.57
57.57
57.57
57.69
57.57
57.57
57.57
57.57
57.57
57.57
57.57
57.57
57.57
57.57
57.57
57.69
57.57
57.57
57.57
57.57
57.57
57.57
57.57
57.57
57.57
57.57
57.57
57.69
57.57
57.57
57.57
57.45
57.45
57.57
57.57
57.57
57.45
57.45
57.57
57.45
57.57
57.45
57.45
57.45
57.45
57.32
57.45
57.45
57.45
57.57
57.32
57.45
57.45
57.45
57.45
57.45
57.45
57.32
57.32
57.45
57.57
57.45
57.32
57.45
57.32
57.32
57.32
57.32
57.45
57.45
57.45
57.32
57.45
57.32
57.45
57.45
57.20
56.35
57.45
57.57
57.32
57.32
57.32
57.45
57.32
57.45
57.32
57.45
57.32
57.45
57.32
57.32
57.20
57.32
57.32
57.32
57.32
57.20
57.32
57.20
57.32
57.20
57.20
57.20
57.20
57.32
57.32
57.20
57.32
57.20
57.20
57.20
57.20
57.20
57.20
57.32
57.20
57.20
57.20
57.32
57.20
57.32
57.08
57.20
57.20
57.20
57.20
57.20
57.20
57.20
57.20
57.32
57.32
57.08
57.20
57.20
57.08
57.20
57.20
57.20
57.20
57.08
57.20
57.20
57.20
57.08
57.08
57.20
57.08
57.20
57.20
57.08
57.20
57.20
57.20
57.20
57.20
57.08
57.20
57.08
57.08
57.08
57.08
57.20
