0.20
0.20
0.20
0.20
0.07
0.20
0.20
0.20
0.20
0.20
0.20
0.20
0.20
0.20
0.20
0.20
0.20
0.20
0.20
0.20
0.20
0.20
0.20
0.07
0.20
0.20
0.20
0.20
0.20
0.07
0.20
0.20
0.20
0.20
0.20
0.20
0.20
0.07
0.20
0.20
0.20
0.20
0.07
0.20
0.07
0.20
0.20
0.20
0.20
0.20
0.20
0.20
0.20
0.20
0.20
0.07
0.20
0.20
0.07
0.07
0.20
0.20
0.07
0.20
0.07
0.07
0.20
0.20
0.20
0.20
0.20
0.20
0.07
0.07
0.20
0.07
0.20
0.07
0.20
0.20
0.07
0.07
0.81
1.17
0.81
0.44
1.90
1.42
1.42
1.05
2.64
1.66
1.42
1.42
2.51
2.03
1.66
3.00
2.03
2.27
2.03
stop
