16.67
16.67
16.80
16.80
16.67
16.80
16.67
16.67
16.80
16.80
16.67
16.55
16.67
16.80
16.67
16.80
16.67
16.67
16.67
16.67
16.67
16.80
16.80
16.67
16.80
16.67
16.80
16.67
16.80
16.80
16.80
16.80
16.80
16.67
16.80
16.67
16.67
16.67
16.67
16.67
16.67
16.67
16.67
16.67
16.80
16.80
16.80
16.67
16.67
16.67
16.67
16.80
16.67
16.80
16.67
16.80
16.67
16.80
16.67
16.67
16.67
16.80
16.67
16.55
16.67
16.80
16.80
16.67
16.80
16.67
16.67
16.67
16.80
16.80
16.80
16.67
16.80
16.67
16.67
16.80
16.80
16.80
16.67
16.67
16.67
16.80
16.55
16.67
16.67
16.80
16.67
16.67
16.55
16.67
16.67
16.80
16.67
16.80
16.67
16.55
16.80
stop
