32
0.44
0.44
0.44
0.32
0.44
0.44
0.32
0.44
0.32
0.32
0.32
0.44
0.44
0.44
0.44
0.20
0.44
0.44
0.32
0.32
0.44
0.44
0.44
0.44
0.44
0.44
0.44
0.32
0.32
0.44
0.20
0.44
0.44
0.44
0.44
0.44
0.32
0.44
0.44
0.44
0.44
0.44
0.44
0.32
0.44
0.44
0.44
0.32
0.44
0.44
0.32
0.44
0.32
0.32
0.44
0.44
0.32
0.32
0.32
0.32
0.32
0.44
0.44
0.44
0.44
0.44
0.44
0.44
0.44
0.44
0.44
0.32
0.32
0.44
0.44
0.44
0.32
0.20
0.32
0.44
0.44
0.44
0.44
0.44
0.44
0.44
0.32
0.44
0.44
0.44
0.44
0.44
0.44
0.32
0.32
0.44
0.20
0.32
0.44
0.44
0.44
0.32
0.44
0.32
0.44
0.44
0.44
0.44
0.44
0.32
0.44
0.32
0.44
0.44
0.32
0.44
0.44
0.44
0.44
0.44
0.32
0.44
0.32
0.44
0.32
0.44
0.44
0.44
0.32
0.32
0.44
0.32
0.44
0.32
0.44
0.44
0.44
0.44
0.32
0.44
0.44
0.32
0.44
0.44
0.32
0.44
0.32
0.32
0.44
0.32
0.44
0.44
0.44
0.44
0.44
0.32
0.44
0.44
0.44
0.32
0.44
0.32
0.44
0.44
0.44
0.44
0.44
0.44
0.44
0.44
0.44
0.44
0.44
0.44
0.44
0.32
0.44
0.44
0.44
0.32
0.32
0.32
0.32
0.32
0.44
0.32
0.44
0.32
0.32
0.44
0.44
0.44
0.32
0.44
0.44
0.44
0.44
0.44
0.44
0.44
0.44
0.44
0.44
0.44
0.44
0.44
0.32
0.44
0.32
0.44
0.44
0.44
0.44
0.44
0.32
0.44
0.44
0.44
0.32
0.32
0.56
0.32
0.44
0.44
0.44
0.44
0.44
0.44
0.32
0.44
0.44
0.32
0.32
0.44
0.32
0.32
0.44
0.44
0.44
0.44
0.44
0.44
0.44
0.32
0.32
0.32
0.44
0.44
0.44
0.44
0.44
0.32
0.44
0.32
0.32
0.44
0.32
0.44
0.32
0.44
0.44
0.44
0.56
0.44
0.32
0.44
0.32
0.32
0.44
0.32
0.32
0.44
0.32
0.44
0.44
0.32
0.32
0.32
0.44
0.44
0.32
0.44
0.44
0.44
0.44
0.44
0.44
0.44
0.44
0.32
0.56
0.44
0.44
0.44
0.56
0.44
0.44
0.32
0.32
0.44
0.44
0.32
0.44
0.44
0.44
0.44
0.44
0.32
0.44
0.44
0.32
0.32
0.32
0.44
0.32
0.44
0.32
0.32
0.44
0.44
0.44
0.44
0.32
0.44
0.44
0.44
0.44
0.32
0.44
0.32
0.44
0.44
0.44
0.32
0.44
0.44
0.44
0.44
0.44
0.44
0.20
0.32
0.44
0.44
0.32
0.44
0.32
0.44
0.44
0.32
0.44
0.44
0.44
0.44
0.44
0.32
0.44
0.32
0.44
0.32
0.32
0.20
0.44
0.44
0.32
0.44
0.44
0.32
0.32
0.44
0.32
0.44
0.44
0.44
0.44
0.32
0.44
0.44
0.32
0.44
0.44
0.44
0.44
0.20
0.44
0.44
0.44
0.44
0.44
0.32
0.56
0.44
0.44
0.44
0.32
0.44
0.44
0.44
0.44
0.44
0.44
0.44
0.32
0.44
0.44
0.44
0.32
0.32
0.32
0.44
0.44
0.44
0.44
0.44
0.44
0.44
0.44
0.44
0.44
0.44
0.44
0.44
0.68
0.44
0.32
0.44
0.44
0.44
0.44
0.44
0.44
0.32
0.32
0.32
0.44
0.44
0.44
0.44
0.44
0.44
0.44
0.44
0.44
0.32
0.32
0.44
0.44
0.44
0.44
0.44
0.44
0.44
0.32
0.44
0.56
0.32
0.32
0.32
0.44
0.44
0.32
0.44
0.44
0.44
0.44
0.44
0.44
0.44
0.44
0.32
0.32
0.44
0.44
0.44
0.44
0.32
0.32
0.44
0.44
0.44
0.32
0.44
0.44
0.32
0.20
0.44
0.44
0.44
0.44
0.44
0.44
0.44
0.44
0.44
0.44
0.32
0.44
0.44
0.32
0.32
0.32
0.44
0.44
0.32
0.44
0.44
0.44
0.32
0.32
0.32
0.32
0.44
0.44
0.44
0.44
0.32
0.44
0.44
0.44
0.44
0.44
0.56
0.44
0.44
0.32
0.44
0.32
0.44
0.44
0.44
0.32
0.44
0.44
0.44
0.44
0.32
0.44
0.44
0.32
0.44
0.44
0.44
0.44
0.44
0.44
0.32
0.44
0.44
0.44
0.32
0.44
0.32
0.44
0.44
0.44
0.44
0.32
0.44
0.44
0.44
0.44
0.32
0.44
0.44
0.32
0.32
0.44
0.44
0.44
0.44
0.44
0.44
0.44
0.32
0.44
0.44
0.32
0.44
0.44
0.32
0.32
0.44
0.44
0.44
0.32
0.44
0.44
0.32
0.44
0.44
0.44
0.44
0.32
0.44
0.44
0.44
0.32
0.44
0.44
0.32
0.44
0.44
0.32
0.44
0.44
0.44
0.44
0.44
0.44
0.32
0.32
0.44
0.32
0.44
0.56
0.32
0.44
0.32
0.32
0.44
0.44
0.44
0.44
0.32
0.32
0.44
0.32
0.44
0.44
0.44
0.44
0.44
0.44
0.32
0.44
0.32
0.44
0.32
0.32
0.44
0.32
0.44
0.44
0.32
0.44
0.32
0.44
0.44
0.44
0.44
0.44
0.44
0.44
0.32
0.32
0.44
0.44
0.44
0.32
0.32
0.32
0.44
0.44
0.32
0.44
0.44
0.44
0.20
0.44
0.44
0.44
0.44
0.44
0.44
0.44
0.32
0.44
0.44
0.44
0.44
0.44
0.44
0.44
0.32
0.32
0.32
0.20
0.44
0.44
0.32
0.44
0.44
0.32
0.44
0.44
0.44
0.44
0.32
0.44
0.44
0.32
0.44
1.66
1.05
0.93
1.29
2.03
1.78
1.29
3.00
1.90
1.78
1.66
2.76
2.39
2.03
3.74
2.51
2.27
2.27
3.25
3.00
2.51
4.35
3.00
2.76
2.76
3.74
3.49
3.00
4.71
3.61
3.25
3.25
4.22
3.98
3.37
5.20
4.10
3.86
3.74
4.83
4.47
3.86
5.44
4.35
4.22
4.10
5.44
4.96
4.35
5.81
4.59
4.71
4.59
5.93
5.32
4.59
6.18
4.71
5.32
5.08
6.30
5.69
4.96
6.30
5.20
5.93
5.44
6.91
6.05
5.20
5.93
5.93
6.30
5.81
7.64
6.42
5.69
5.81
6.67
6.79
6.18
7.89
5.93
6.30
6.18
7.40
7.15
6.42
8.01
6.42
6.91
6.91
8.01
7.40
6.54
8.13
7.03
7.52
7.15
8.62
7.52
6.67
7.03
8.13
8.01
7.52
9.23
7.03
7.40
7.40
8.98
8.50
7.76
9.23
7.64
8.01
7.89
9.47
8.62
7.76
9.11
8.62
8.74
8.37
9.96
8.62
7.76
8.01
9.59
9.11
8.62
9.84
8.01
8.50
8.62
10.21
9.35
8.98
10.33
9.35
8.37
8.86
10.08
9.47
9.23
10.82
9.96
9.11
8.86
9.35
9.72
9.47
11.18
10.21
9.72
10.94
9.96
9.23
9.47
10.82
10.08
9.96
11.30
10.57
10.08
11.43
10.69
10.33
11.79
10.82
10.33
11.79
10.82
10.33
12.04
11.06
10.57
12.28
11.18
10.57
12.28
11.43
10.82
12.52
11.43
10.82
12.77
11.67
11.06
13.01
11.67
11.06
13.01
11.79
11.30
13.13
11.91
11.43
13.26
11.91
11.43
13.26
12.04
11.55
13.50
12.16
11.67
13.50
12.28
11.67
13.50
12.40
11.79
13.62
12.16
11.91
13.50
12.28
11.91
12.77
12.04
12.16
11.79
11.79
12.16
12.04
11.91
12.16
12.28
12.04
12.16
12.40
12.40
12.40
12.52
12.65
12.52
13.01
13.13
12.89
13.01
13.50
13.13
13.26
13.99
13.50
13.62
14.48
14.11
13.87
14.72
14.48
13.99
14.97
14.84
14.11
15.33
14.97
14.36
15.58
15.21
14.48
16.06
15.21
14.60
16.43
15.21
14.60
16.55
15.21
14.72
16.55
15.33
14.72
16.43
15.21
14.72
15.45
14.97
14.72
14.48
14.36
14.72
15.58
14.36
14.72
14.84
14.84
14.84
15.21
15.45
15.21
15.45
16.06
15.45
15.82
16.55
15.94
16.06
17.04
16.55
16.31
17.29
17.16
16.43
17.90
17.04
16.67
18.38
17.29
16.67
18.38
17.41
16.55
18.38
17.16
16.55
18.51
16.80
16.55
18.38
16.19
16.55
17.16
16.31
16.43
16.67
17.04
16.80
16.80
17.77
17.16
17.04
18.38
17.77
17.41
18.87
18.26
17.77
19.36
18.63
18.14
20.09
18.87
18.14
19.85
19.12
18.02
19.97
18.87
18.26
19.85
18.75
17.77
18.26
18.63
17.90
18.14
17.90
18.14
18.14
17.90
18.75
18.51
18.87
19.24
18.75
19.73
19.85
19.36
20.70
20.21
19.73
20.95
20.58
19.85
21.44
20.21
19.85
21.31
20.21
19.60
19.36
19.60
19.48
19.12
19.12
19.36
19.48
19.60
19.36
19.85
20.58
19.97
20.46
21.19
20.70
20.70
21.92
21.31
21.07
22.66
21.68
21.07
22.53
21.68
20.83
22.66
20.83
20.58
21.68
20.21
20.46
20.58
20.70
20.58
20.58
21.92
21.31
21.07
22.41
22.05
21.56
23.39
22.53
22.05
23.75
22.90
22.29
23.88
22.90
22.29
23.51
22.53
21.92
21.68
21.92
21.44
21.68
21.31
21.68
21.80
22.41
22.41
22.41
23.39
23.39
22.78
24.00
24.00
23.27
24.85
23.75
23.27
24.85
23.63
23.02
24.98
22.66
22.78
22.78
22.41
22.53
22.66
23.63
23.14
22.90
24.49
23.88
23.63
25.46
24.61
24.12
25.83
25.10
24.12
25.83
24.85
23.88
24.98
24.61
23.51
23.63
23.63
23.51
23.63
23.63
24.49
24.12
25.10
25.10
24.61
25.71
25.83
25.22
26.81
25.83
25.22
26.68
25.46
24.98
25.34
24.49
24.49
24.37
24.24
24.37
24.73
25.71
25.10
25.59
26.44
25.95
25.95
27.54
26.68
25.95
27.54
26.81
25.71
27.29
26.44
25.34
25.46
25.46
25.22
25.22
25.46
26.07
25.83
26.56
26.81
26.44
27.66
27.66
26.93
28.52
27.42
26.93
26.68
26.93
26.56
26.07
25.83
26.07
26.20
26.32
26.07
26.68
27.54
27.05
27.17
29.00
28.03
27.78
29.00
28.39
27.54
29.13
28.15
26.93
26.93
27.17
26.68
26.93
27.05
27.29
27.17
28.76
28.15
27.91
29.74
29.13
28.39
29.98
28.88
28.39
27.91
28.27
28.03
27.54
27.29
27.54
27.66
28.15
27.78
28.27
29.13
28.76
28.88
30.47
29.61
29.13
30.71
29.61
29.00
29.98
28.15
28.27
28.39
28.27
28.15
28.39
29.37
29.25
28.88
30.83
30.10
29.49
31.08
30.35
29.98
31.20
30.22
29.74
29.13
29.00
29.13
28.76
28.52
28.88
29.37
29.98
29.74
29.98
31.32
30.47
30.47
31.93
31.20
30.35
32.06
29.86
29.86
29.86
29.00
29.37
29.49
30.35
29.98
29.86
31.45
30.83
30.59
32.42
31.81
31.20
32.67
31.69
31.20
30.35
30.71
30.59
30.22
29.61
30.10
30.22
31.08
30.83
31.08
32.18
32.30
31.69
33.03
32.30
31.69
33.28
31.57
31.08
31.08
30.35
30.71
30.96
31.69
31.32
31.08
32.91
32.18
31.81
33.64
33.03
32.54
33.64
32.79
32.30
31.69
31.57
31.45
31.45
31.32
31.32
31.81
32.67
32.42
32.54
34.13
33.52
32.91
34.38
33.15
32.79
33.15
31.81
31.93
31.93
32.30
31.93
32.06
33.52
33.03
32.79
34.74
34.25
33.52
35.11
34.13
33.40
32.91
32.79
32.91
32.54
32.18
32.54
32.79
33.40
33.76
33.52
34.99
34.50
34.13
35.47
34.38
33.76
33.15
33.03
33.15
33.28
33.40
33.15
33.15
34.74
34.25
33.76
35.84
35.11
34.62
36.08
35.23
34.62
33.76
33.76
33.76
33.64
33.40
34.01
34.25
34.99
34.62
34.99
36.33
35.72
35.11
36.69
34.62
34.50
34.50
33.64
34.01
34.13
34.99
34.74
34.38
36.57
35.96
35.23
37.18
36.33
35.72
35.11
35.35
35.11
34.62
34.25
34.50
34.86
35.47
35.35
35.60
37.06
36.45
36.08
37.55
36.21
35.84
35.72
34.86
35.11
35.23
35.72
35.47
35.35
37.67
36.69
36.08
37.92
37.18
36.57
36.21
36.45
36.21
35.60
35.35
35.47
35.72
36.33
36.21
36.45
37.92
37.43
37.06
38.53
37.18
36.69
36.69
36.45
35.96
36.08
36.57
36.45
36.33
38.28
37.55
37.06
38.89
38.04
37.43
37.06
37.30
37.06
36.57
36.33
36.45
36.57
37.18
37.18
37.30
38.89
38.28
37.92
39.38
38.53
37.55
37.55
37.18
36.82
36.94
37.67
37.43
37.18
39.26
38.65
37.92
39.87
39.01
38.40
37.92
38.04
38.04
37.43
37.06
37.30
37.67
38.40
38.16
38.40
39.75
39.38
38.77
40.23
39.26
38.40
38.28
38.04
37.67
37.79
38.65
38.40
38.28
40.23
39.62
39.01
40.72
39.87
39.26
38.65
38.53
38.53
38.28
38.16
38.16
38.77
39.62
39.14
39.62
40.72
40.23
39.62
40.72
40.11
38.89
39.01
38.77
38.53
38.65
39.99
39.62
39.38
40.72
40.60
40.11
40.72
40.48
39.99
39.38
39.14
39.14
39.14
39.50
39.26
39.75
41.09
40.36
40.48
41.70
41.09
40.48
40.36
40.48
39.50
39.62
39.38
39.75
39.62
40.23
40.97
40.36
41.82
41.33
40.97
40.97
40.72
40.48
39.99
39.75
39.87
39.99
40.48
40.36
40.72
42.19
41.70
41.33
42.68
41.94
40.97
40.84
40.72
40.23
40.48
40.11
40.84
40.60
41.46
42.07
41.46
42.55
42.31
41.70
41.33
41.09
41.21
40.72
41.21
40.72
40.84
41.82
41.33
41.82
42.92
42.55
41.94
43.29
42.68
41.46
41.58
41.33
40.97
41.09
41.09
41.70
41.46
42.55
43.04
42.43
43.41
43.04
42.43
42.92
41.70
41.58
41.82
41.46
41.46
41.70
42.92
42.31
42.68
43.90
43.41
42.80
43.41
43.29
42.07
42.19
41.94
41.70
41.94
42.07
42.68
42.55
43.65
43.65
43.29
44.38
43.53
43.16
43.04
42.43
42.31
42.43
42.31
42.19
42.43
43.77
43.41
43.65
44.75
44.14
43.53
43.77
43.77
42.68
42.80
42.68
42.68
42.68
43.04
43.65
43.41
44.63
44.51
44.02
45.12
44.26
43.77
43.77
43.04
43.04
43.29
43.41
43.16
43.41
44.75
44.26
43.90
45.61
44.87
44.38
44.02
44.38
43.53
43.53
43.29
43.41
43.53
43.90
44.51
44.14
45.48
45.24
44.75
45.97
44.75
44.63
44.38
43.77
43.77
43.90
44.14
44.02
44.02
45.61
45.24
44.63
46.34
45.48
45.12
44.87
45.12
44.14
44.38
44.14
44.14
44.14
44.38
45.00
44.75
45.97
45.85
45.48
46.70
45.73
45.36
45.24
44.63
44.51
44.75
44.51
44.51
44.63
45.85
45.36
45.24
46.83
46.34
45.85
46.58
46.34
45.00
45.24
45.24
45.00
44.87
44.75
45.24
45.24
45.97
46.58
45.97
47.07
46.83
46.22
47.44
45.73
45.73
45.73
45.24
45.24
45.24
45.61
45.48
45.61
47.19
46.95
46.09
47.80
46.95
46.58
46.34
46.58
46.34
45.85
45.85
45.73
45.73
45.61
46.34
46.09
46.95
47.31
46.83
47.80
47.56
46.95
47.92
46.46
46.34
46.46
45.85
45.97
46.09
46.34
46.22
46.22
48.05
47.31
46.83
48.54
47.68
47.31
47.31
47.44
46.70
46.70
46.58
46.34
46.34
46.34
46.95
46.83
47.68
48.05
47.68
48.41
48.17
47.68
48.78
47.19
47.31
47.19
46.58
46.70
46.83
46.83
46.95
46.95
48.17
47.68
47.44
48.90
48.41
48.05
48.90
48.41
48.05
47.56
47.44
47.44
47.19
47.07
47.19
47.19
47.44
48.29
47.80
48.78
48.90
48.41
49.27
48.66
48.41
49.27
47.68
47.80
47.80
47.44
47.44
47.56
47.92
47.80
47.80
49.27
48.66
48.41
49.76
49.27
48.78
49.51
49.15
48.17
48.17
48.17
47.92
47.92
47.80
48.05
48.05
48.05
48.90
48.66
49.39
49.51
49.27
50.00
49.51
49.15
50.37
48.66
48.78
48.78
48.17
48.29
48.41
48.29
48.29
48.41
49.15
48.90
49.27
50.12
50.00
49.39
50.61
50.12
49.39
49.39
49.76
48.78
48.90
48.78
48.54
48.54
48.66
48.90
48.78
48.78
49.76
49.27
50.24
50.37
49.88
50.85
50.37
50.00
50.98
49.51
49.51
49.51
48.90
49.02
49.02
49.02
49.02
49.27
49.76
49.51
50.00
50.98
50.37
50.37
51.22
50.73
50.24
51.22
49.63
49.76
49.88
49.76
49.39
49.39
49.27
49.39
49.51
49.51
49.76
49.76
50.00
50.85
50.37
51.34
51.22
50.73
51.59
51.10
50.73
50.37
50.49
50.49
50.37
49.88
49.76
49.76
49.63
49.76
50.00
49.88
50.00
50.49
50.73
50.37
50.85
51.71
51.10
51.22
51.83
51.59
51.10
52.20
51.46
50.85
50.98
51.22
50.24
50.49
50.49
50.24
50.24
50.12
50.37
50.49
50.85
50.61
50.61
51.95
51.46
51.10
52.32
51.95
51.59
52.56
52.08
51.71
50.85
51.71
51.46
50.98
50.98
51.10
50.73
50.73
50.73
50.73
50.61
50.73
50.98
50.85
51.22
51.34
51.34
52.20
51.83
52.32
52.32
52.08
52.69
52.32
51.95
52.81
52.08
51.83
52.93
51.46
51.59
51.83
51.10
51.10
51.34
50.98
50.98
51.22
51.22
51.22
51.34
51.34
51.46
51.59
51.95
51.71
51.71
52.93
52.44
52.20
53.17
52.93
52.44
53.30
52.93
52.32
53.42
52.81
52.20
53.05
52.81
51.95
52.08
52.44
51.59
51.83
51.83
51.59
51.71
51.59
51.71
51.71
51.59
51.83
51.95
51.83
52.08
52.08
52.08
52.44
52.20
53.42
52.93
52.56
53.54
53.30
52.81
53.66
53.30
53.05
53.91
53.42
52.93
53.91
53.30
53.05
53.30
53.17
52.93
52.56
52.81
52.81
52.32
52.69
52.69
52.32
52.32
52.32
52.20
52.08
52.32
52.32
52.20
52.44
52.56
52.44
52.56
52.81
52.44
53.05
52.81
52.56
53.30
53.05
53.05
53.78
53.30
53.54
53.91
53.54
54.15
54.03
53.54
54.52
53.78
53.54
53.42
52.93
52.93
52.93
52.93
53.05
53.17
53.30
53.30
53.17
53.17
53.05
53.17
53.05
53.05
53.17
53.17
53.17
53.05
53.17
53.17
53.30
53.17
53.17
53.17
53.17
53.05
53.17
53.17
53.05
53.05
53.17
53.17
53.05
53.17
53.05
53.17
53.05
53.05
53.05
53.05
53.05
53.17
53.17
53.05
53.05
53.05
53.05
53.05
53.05
52.93
53.05
53.05
52.93
53.05
53.05
52.93
52.93
52.93
52.93
53.05
52.93
53.05
53.05
52.93
53.05
53.05
52.93
52.93
52.93
52.93
52.93
52.93
52.81
52.81
52.93
52.93
52.81
52.93
52.93
52.93
52.81
52.93
52.93
52.93
53.05
52.93
52.93
52.81
52.93
52.81
52.81
52.81
52.81
52.81
52.81
52.81
52.93
52.81
52.93
52.81
52.93
52.81
52.81
52.81
52.81
52.93
52.81
52.81
52.93
52.81
52.81
52.81
52.81
52.81
52.69
52.81
52.81
52.69
52.81
52.69
52.69
52.81
52.69
52.69
52.81
52.81
52.81
52.81
52.81
52.81
52.81
52.69
52.81
52.81
52.69
52.69
52.69
52.69
52.81
52.69
52.69
52.81
52.69
52.69
52.69
52.56
52.69
52.69
52.81
52.81
52.69
52.81
52.69
52.56
52.69
52.69
52.69
52.69
52.69
52.69
52.69
52.56
52.69
52.69
52.56
52.69
52.69
52.69
52.56
52.81
52.69
52.69
52.69
52.56
52.56
52.69
52.69
52.69
52.69
52.69
52.56
52.56
52.56
52.69
52.56
52.69
52.56
52.56
52.56
52.56
52.56
52.69
52.56
52.56
52.56
52.56
52.56
52.56
52.56
52.56
52.56
52.56
52.56
52.56
52.56
52.56
52.44
52.56
52.44
52.56
52.56
52.44
52.56
52.56
52.56
52.56
52.56
52.56
52.56
52.56
52.56
52.56
52.44
52.44
52.56
52.56
52.44
52.44
52.44
52.44
52.44
52.44
52.56
52.56
52.56
52.56
52.56
52.44
52.44
52.44
52.56
52.44
52.44
52.44
52.44
52.44
52.44
52.44
52.44
52.56
52.56
52.44
52.32
52.44
52.32
52.44
52.44
52.32
52.56
52.44
52.44
52.44
52.44
52.44
52.32
52.32
52.44
52.44
52.44
52.44
52.44
52.44
52.44
52.44
52.32
52.32
52.44
52.44
52.56
52.32
52.44
52.32
52.32
52.32
52.32
52.44
52.32
52.32
52.44
52.44
52.44
